107
136
348
353
363
366
376
483
526
896
897
906
916
917
921
925
927
932
934
946
947
952
953
960
966
967
978
980
982
983
993
995
997
999
1003
1004
1006
1014
1017
1024
1026
1028
1029
1040
1047
1048
1049
1056
1059
1067
1074
1075
1076
1078
1079
1083
1086
1101
1104
1107
1110
1112
1117
1123
1124
1125
1126
1128
1130
1132
1135
1146
1149
1153
1156
1160
1163
1172
1173
1175
1181
1182
1184
1185
1191
1192
1198
1199
1201
1204
1205
1207
1209
1211
1214
1219
1222
1230
1235
1238
1242
1243
1250
1255
1256
1267
1269
1271
1272
1277
1280
1287
1288
1289
1290
1291
1302
1305
1312
1323
1329
1330
1331
1334
1335
1336
1339
1340
1341
1344
1351
1352
1359
1361
1367
1370
1375
1376
1377
1380
1388
1390
1391
1399
1402
1409
1416
1420
1431
1447
1449
1456
1457
1465
1467
1470
1471
1480
1483
1488
1491
1509
1516
1520
1522
1523
1528
1530
1535
1538
1539
1542
1547
1551
1554
1557
1559
1563
1570
1571
1577
1580
1584
1589
1590
1597
1598
1600
1603
1604
1605
1608
1609
1610
1612
1613
1614
1617
1619
1620
1621
1622
1623
1632
1637
1639
1643
1644
1652
1653
1659
1662
1663
1665
1668
1669
1675
1683
1684
1685
1688
1689
1707
1712
1714
1717
1718
1721
1724
1730
1735
1736
1737
1741
1746
1750
1752
1753
1754
1757
1761
1765
1768
1772
1782
1789
1791
1793
1795
1796
1799
1800
1804
1809
1810
1811
1813
1816
1819
1823
1826
1827
1833
1835
1839
1842
1845
1849
1861
1864
1867
1868
1877
1879
1886
1888
1891
1898
1902
1912
1916
1917
1918
1920
1925
1926
1929
1932
1938
1939
1940
1941
1943
1945
1946
1947
1948
1953
1954
1955
1959
1962
1963
1966
1970
1971
1979
1983
1984
1985
1986
1989
1993
1994
1997
2002
2005
2007
2010
2020
2026
2028
2030
2032
2033
2037
2038
2039
2040
2042
2043
2045
2046
2047
2052
2053
2054
2055
2056
2058
2059
2060
2062
2063
2064
2068
2069
2071
2072
2073
2074
2077
2078
2081
2083
2084
2086
2087
2088
2090
2093
2095
2098
2101
2102
2103
2104
2108
2109
2111
2112
2115
2117
2118
2121
2122
2123
2124
2125
2127
2128
2131
2132
2133
2134
2135
2136
2138
2139
2140
2142
2143
2144
2148
2149
2150
2151
2153
2154
2161
2164
2165
2169
2172
2174
2176
2179
2180
2183
2184
2187
2188
2189
2190
2191
2194
2196
2198
2199
2200
2201
2203
2206
2210
2212
2213
2215
2216
2218
2220
2223
2224
2229
2233
2235
2237
2240
2241
2244
2246
2247
2250
2253
2254
2257
2261
2264
2266
2267
2268
2271
2273
2275
2276
2278
2279
2282
2283
2285
2287
2289
2290
2292
2293
2294
2299
2300
2302
2304
2306
2307
2308
2309
2315
2319
2323
2324
2326
2327
2328
2329
2331
2332
2333
2334
2336
2338
2339
2340
2343
2344
2347
2348
2351
2352
2353
2354
2356
2359
2363
2368
2369
2370
2372
2374
2376
2377
2381
2384
2386
2391
2392
2394
2395
2396
2398
2399
2404
2407
2408
2409
2410
2414
2417
2418
2419
2420
2423
2428
2429
2430
2433
2434
2436
2445
2446
2451
2458
2460
2461
2462
2463
2464
2465
2467
2468
2469
2471
2472
2475
2477
2478
2482
2484
2485
2489
2491
2492
2495
2498
2499
2500
2501
2504
2506
2507
2508
2509
2510
2511
2512
2516
2520
2521
2526
2532
2533
2536
2537
2539
2542
2543
2546
2547
2549
2550
2551
2552
2553
2554
2555
2556
2559
2560
2561
2563
2564
2567
2573
2574
2575
2578
2579
2582
2586
2588
2589
2590
2591
2592
2593
2594
2597
2598
2600
2601
2602
2604
2606
2607
2608
2611
2615
2616
2617
2619
2623
2624
2625
2629
2630
2631
2638
2642
2643
2646
2649
2653
2654
2655
2661
2664
2666
2669
2674
2676
2679
2689
2694
2698
2716
2717
2719
2742
2748
2750
2754
2755
2757
2777
2778
2782
2786
2793
2800
2815
2827
2828
2833
2839
2849
2853
2862
2863
2864
2866
2867
2869
2872
2877
2880
2890
2901
2905
2906
2909
2910
2911
2912
2913
2915
2916
2919
2920
2925
2927
2928
2939
2940
2943
2944
2956
2960
2966
2969
2973
2985
2986
2991
2992
3000
3022
3026
3033
3035
3038
3049
3051
3054
3056
3064
3070
3078
3082
3090
3096
3098
3101
3108
3116
3120
3132
3149
3150
3152
3169
3174
3185
3195
3201
3226
3232
3239
3247
3252
3267
3277
3280
3284
3291
3320
3330
3339
3344
3347
3348
3351
3363
3387
3397
3417
3426
3434
